17300	18294
18661	19562
16303	16582
17092	18576
16849	18105
18105	19339
65045	65061
65045	65073
65045	65135
65061	65073
65061	65135
65073	65135
65029	65071
65029	65090
65029	65106
65029	65141
65071	65090
65071	65106
65071	65141
65090	65106
65090	65141
65106	65141
65060	65087
65067	65086
65067	65104
65086	65104
65032	65089
65032	65140
65089	65140
65035	65046
65081	65085
65033	65128
65056	65099
65056	65143
65099	65143
65016	65076
65095	65115
65040	65080
53109	53172
53236	53321
53095	53107
53211	53270
53147	53442
53124	53128
53248	53262
53269	53350
53136	53244
50969	50986
51039	51073
23572	23618
6315	7098
7096	8515
8265	8827
8190	8728
6923	8728
6813	7103
6874	6933
6874	6879
6879	6933
6543	7243
6608	6672
6672	8859
6608	8859
6686	8594
6619	8273
8273	8564
6664	8564
8625	8691
7114	7334
6940	7204
6699	6895
6699	8280
6895	8280
7191	8223
6604	7191
7191	7270
7191	8753
7162	7191
6604	8223
7270	8223
8223	8753
7162	8223
6604	7270
6604	8753
6604	7162
7270	8753
7162	7270
7162	8753
8340	8675
8320	8675
8320	8340
8289	8787
6620	8719
6497	6786
8046	8054
8080	8081
6961	8740
7177	8523
7851	7894
7894	8102
7851	8102
6821	8794
6690	8202
6640	8812
6778	6891
68510	68523
7836	8072
7286	8791
7071	7199
6311	7119
7373	8335
8055	8103
7866	8103
7866	8055
7784	8012
4079	4086
6808	8861
715	1234
4027	4386
4026	4331
965	1074
935	1035
714	4375
6172	8654
1009	1606
6979	8622
6730	6991
6585	8332
8298	8315
8520	8707
6897	8707
6897	8520
7131	7278
81572	81600
8371	8710
6602	7233
6555	7218
6938	8551
6630	8551
8254	8551
8203	8551
6630	6938
6938	8254
6938	8203
6630	8254
6630	8203
8203	8254
8388	8670
7873	8097
68432	68450
7258	8375
698	977
589	698
589	977
6705	8673
6925	6964
7326	8334
6876	7072
7072	8530
6876	8530
7100	8714
6859	6883
7811	7964
8533	8555
7880	7882
716	4376
6732	7137
6611	8813
81322	81643
81322	81727
81643	81727
6744	7374
7354	8200
7197	8200
6780	6906
63308	63381
63306	63422
11305	11660
11305	11395
11395	11660
9761	9875
9761	9876
9731	9761
9724	9745
9934	10124
9954	9975
9931	9955
8514	8840
2188	2247
9095	9355
3413	3417
10003	10005
10003	10004
8722	10125
52644	52648
63493	63494
64750	64917
64745	64926
64681	64913
64483	64753
64908	64932
6903	8516
6806	8516
8516	8550
6722	8516
6806	6903
6903	8550
6722	6903
6806	8550
6722	6806
6722	8550
52563	53142
51991	52814
53110	53229
53383	53517
53383	53574
53517	53574
52586	53385
52592	52961
10624	10627
10624	11871
10624	10630
10624	11878
10627	11873
11871	11873
10630	11873
11873	11878
10630	10634
10630	11875
10628	10630
10630	11872
10634	11878
11875	11878
10628	11878
11872	11878
10628	10634
10634	11872
10628	11875
11872	11875
52922	53281
52120	52801
52120	52929
52801	52929
65012	65049
29126	29268
29119	29294
29205	29240
29112	29310
28961	29227
9086	9129
9080	9207
1305	1487
1491	1572
1565	4387
4367	4387
1565	4367
1292	1512
1372	1559
1268	1443
18776	19591
3449	3586
3595	3602
3588	3602
3588	3595
1331	1546
1387	1450
1275	1387
1313	1387
1379	1387
1387	1545
1275	1450
1313	1450
1379	1450
1450	1545
1275	1313
1275	1379
1275	1545
1313	1379
1313	1545
1379	1545
1342	1554
1342	1496
1276	1342
1341	1342
1342	1466
1496	1554
1276	1554
1341	1554
1466	1554
1276	1496
1341	1496
1466	1496
1276	1341
1276	1466
1341	1466
1328	1537
1537	1553
1328	1553
1262	1426
1426	1484
1368	1426
1426	1462
1426	1527
1244	1426
1262	1484
1262	1368
1262	1462
1262	1527
1244	1262
1368	1484
1462	1484
1484	1527
1244	1484
1368	1462
1368	1527
1244	1368
1462	1527
1244	1462
1244	1527
1065	1463
1441	1550
1489	1550
1441	1489
1521	4190
1518	4414
1437	1518
1417	1518
1437	4414
1417	4414
1417	1437
1438	1567
1310	1438
1392	1438
1419	1438
1310	1567
1392	1567
1419	1567
1310	1392
1310	1419
1392	1419
1293	1467
1467	1538
1293	1538
1311	1519
1311	1511
1302	1311
1279	1311
1311	1452
1511	1519
1302	1519
1279	1519
1452	1519
1302	1511
1279	1511
1452	1511
1279	1302
1302	1452
1279	1452
83007	83257
21157	21248
21157	21191
33376	33528
49059	49110
66260	66426
8409	8871
8407	8409
8407	8871
7469	7551
7549	7551
7469	7549
7521	7648
2139	2222
17449	17721
16770	18055
19372	19602
2338	2469
7087	8464
9737	9757
87475	87632
16722	19409
16722	18524
16722	19662
16722	17382
18524	19409
19409	19662
17382	19409
18524	19662
17382	18524
17382	19662
21150	21242
21203	21242
21150	21203
49103	49312
40850	40865
18683	19493
18683	19133
17864	18683
19133	19493
17864	19493
17864	19133
16163	16279
16279	19296
16163	19296
17681	19217
17284	17681
17681	18265
17284	19217
18265	19217
17284	18265
18201	19557
16871	18990
17996	18990
16871	17996
16887	19135
16887	18433
18433	19135
16824	17994
17994	18781
16824	18781
17932	17955
16446	17955
17955	19423
16446	17932
17932	19423
16446	19423
17756	19313
17756	18192
18192	19313
16914	19034
18810	19034
16914	18810
16472	16855
17445	17822
17822	18628
17485	17822
17445	18628
17445	17485
17485	18628
17954	18233
18233	19492
18233	19119
18233	18458
17954	19492
17954	19119
17954	18458
19119	19492
18458	19492
18458	19119
17794	19629
16649	17794
17794	19393
16649	19629
19393	19629
16649	19393
16158	17643
17282	17643
17643	17895
16158	17282
16158	17895
17282	17895
16800	19684
16591	19610
19078	19610
17598	18980
18376	21444
19366	21444
17648	21444
18376	19366
17648	18376
17648	19366
16359	16697
17400	19414
16218	18311
18311	18996
17956	18311
16218	18996
16218	17956
17956	18996
16367	18057
27353	27387
54665	54671
63868	63883
24877	24957
70916	70918
70736	70743
70736	70962
70743	70962
10180	10435
70931	70947
50975	50983
66567	66767
6482	6487
7841	8044
9800	9818
21126	21199
21039	21126
21126	21140
21039	21199
21140	21199
21039	21140
23341	23357
65064	65117
34819	35436
51070	51097
62953	63052
19513	19725
18720	19513
18720	19725
21137	21194
770	2694
66499	66722
38343	38432
1179	4012
38190	38200
62830	63026
3978	4046
7630	7682
44958	45027
28904	29151
28969	29235
28935	29176
50634	64208
11511	11689
11173	11343
34533	34694
7936	9773
40764	40781
10330	10490
10508	10539
10551	10563
31592	31616
52684	53015
1704	1777
1777	5343
1750	1777
1777	5168
1702	1777
1777	5170
1715	1777
1777	1824
1777	5167
1744	1777
1706	1777
1777	5169
1777	1780
1689	1777
1777	5212
1716	1777
1777	5211
1704	5171
5171	5343
1750	5171
5168	5171
1702	5171
5170	5171
1715	5171
1824	5171
5167	5171
1744	5171
1706	5171
5169	5171
1780	5171
1689	5171
5171	5212
1716	5171
5171	5211
1704	1750
1704	5168
1702	1704
1704	5170
1704	1715
1704	1824
1704	5167
1704	1744
1704	1706
1704	5169
1704	1780
1689	1704
1704	5212
1704	1716
1704	5211
1750	5343
5168	5343
1702	5343
5170	5343
1715	5343
1824	5343
5167	5343
1744	5343
1706	5343
5169	5343
1780	5343
1689	5343
5212	5343
1716	5343
5211	5343
1702	1750
1750	5170
1715	1750
1750	1824
1750	5167
1744	1750
1706	1750
1750	5169
1750	1780
1689	1750
1750	5212
1716	1750
1750	5211
1702	5168
5168	5170
1715	5168
1824	5168
5167	5168
1744	5168
1706	5168
5168	5169
1780	5168
1689	5168
5168	5212
1716	5168
5168	5211
1702	1715
1702	1824
1702	5167
1702	1744
1702	1706
1702	5169
1702	1780
1689	1702
1702	5212
1702	1716
1702	5211
1715	5170
1824	5170
5167	5170
1744	5170
1706	5170
5169	5170
1780	5170
1689	5170
5170	5212
1716	5170
5170	5211
1715	1824
1715	5167
1715	1744
1706	1715
1715	5169
1715	1780
1689	1715
1715	5212
1715	1716
1715	5211
1744	1824
1706	1824
1824	5169
1780	1824
1689	1824
1824	5212
1716	1824
1824	5211
1744	5167
1706	5167
5167	5169
1780	5167
1689	5167
5167	5212
1716	5167
5167	5211
1706	1744
1744	5169
1744	1780
1689	1744
1744	5212
1716	1744
1744	5211
1706	1780
1689	1706
1706	5212
1706	1716
1706	5211
1780	5169
1689	5169
5169	5212
1716	5169
5169	5211
1689	1780
1780	5212
1716	1780
1780	5211
1689	1716
1689	5211
1716	5212
5211	5212
51425	51431
16590	18312
16452	19276
16452	16997
16997	19276
17809	19276
16997	17809
17470	18695
16376	19175
17820	19327
18430	18954
18293	18430
16935	18430
18293	18954
16935	18954
16935	18293
18043	19150
18099	19608
19143	19608
18099	19143
17561	17797
17134	18669
16425	18592
16911	19174
18091	18249
17076	18091
18091	18827
17076	18827
16795	18605
18475	18605
16534	18605
17576	18605
17557	18605
18605	19114
18605	19671
16795	18475
16534	16795
16795	17576
16795	17557
16795	19114
16795	19671
16534	18475
17576	18475
17557	18475
18475	19114
18475	19671
16534	17576
16534	17557
16534	19114
16534	19671
17557	17576
17576	19114
17576	19671
17557	19114
17557	19671
19114	19671
16973	18648
17370	18385
18017	18893
18017	18342
18017	18144
17592	18017
18017	18438
17512	18017
17911	18017
18342	18893
18144	18893
17592	18893
18438	18893
17512	18893
17911	18893
18144	18342
17592	18342
18342	18438
17512	18342
17911	18342
17592	18144
18144	18438
17512	18144
17911	18144
17592	18438
17512	17592
17592	17911
17512	18438
17911	18438
17512	17911
16230	17248
17248	18454
16230	18454
18103	18853
16580	16603
17419	18710
18173	19060
17053	19060
17053	18173
18388	19689
16317	19625
18998	19661
17015	17646
18297	18626
17004	19425
16934	19596
65581	65824
12059	12247
10053	12277
65931	66171
1373	1374
1373	1568
1373	1502
1241	1373
1258	1373
1373	1420
1373	1385
1374	1568
1374	1502
1241	1374
1258	1374
1374	1420
1374	1385
1502	1568
1241	1568
1258	1568
1420	1568
1385	1568
1241	1502
1258	1502
1420	1502
1385	1502
1241	1258
1241	1420
1241	1385
1258	1420
1258	1385
1385	1420
1299	1555
1316	1480
1316	1433
1277	1316
1316	1468
1433	1480
1277	1480
1468	1480
1277	1433
1433	1468
1277	1468
1359	1386
1457	1498
1336	1457
1360	1457
1344	1457
1389	1457
1457	1485
1321	1457
1336	1498
1360	1498
1344	1498
1389	1498
1485	1498
1321	1498
1336	1360
1336	1344
1336	1389
1336	1485
1321	1336
1344	1360
1360	1389
1360	1485
1321	1360
1344	1389
1344	1485
1321	1344
1389	1485
1321	1389
1321	1485
1304	1434
1304	1507
1304	1410
1073	1304
1434	1507
1410	1434
1073	1434
1410	1507
1073	1507
1073	1410
1246	1529
1421	1500
1239	1570
1271	1570
1473	1570
1270	1570
1250	1570
1239	1271
1239	1473
1239	1270
1239	1250
1271	1473
1270	1271
1250	1271
1270	1473
1250	1473
1250	1270
1445	1497
1445	1539
1497	1539
1530	4384
1415	4384
1470	4384
1415	1530
1470	1530
1415	1470
1540	1562
1236	1562
1236	1540
1255	4427
1295	1376
1319	1378
1047	1062
70445	70554
66181	66279
66345	66369
9220	9387
87296	87762
45641	46462
5753	5781
46009	46395
45650	45810
50989	51161
66402	66588
4010	4014
2025	2241
2109	2127
2148	2571
2189	2582
2005	2572
2006	2572
2005	2006
2107	2601
2024	2107
2024	2601
2083	2173
10357	10507
16608	19575
18292	19128
17786	17874
87367	87774
87193	87763
87321	87563
66582	66664
66473	66509
6114	10667
6122	10664
5829	6285
11200	11542
66234	66425
66374	66383
87979	87980
7817	7824
7768	8643
3312	8042
7819	8042
3312	7819
9181	9253
6804	8370
3321	7363
7363	8197
5670	5687
87276	87354
7310	8386
7179	8386
7179	7310
10442	10446
79227	79256
2849	3056
66257	66348
7563	7566
16848	18721
18187	18638
16974	18187
18896	19256
18468	19228
17222	18188
17399	19107
16761	19656
16872	18136
17096	18136
18136	19548
19317	19738
16180	18418
18329	19093
18895	19093
16716	18958
16198	17173
16198	18956
18884	19030
17567	19030
16565	19030
16781	19030
18845	19030
19030	19270
18331	19030
19030	19293
18644	19030
17320	19030
17567	18884
16565	18884
16781	18884
18845	18884
18884	19270
18331	18884
18884	19293
18644	18884
17320	18884
16304	18884
17742	18884
18884	19454
18884	19302
16357	18884
18884	19718
17958	18884
18670	18884
18268	18884
16718	18884
17138	18884
18161	18884
16538	18884
17474	18884
16530	18884
18230	18884
17297	18884
16499	18884
18884	19144
17937	18884
18837	18884
17933	18884
17290	18884
16565	17567
16781	17567
17567	18845
17567	19270
17567	18331
17567	19293
17567	18644
17320	17567
16304	17567
17567	17742
17567	19454
17567	19302
16357	17567
17567	19718
17567	17958
17567	18670
17567	18268
16718	17567
17138	17567
17567	18161
16538	17567
17474	17567
16530	17567
17567	18230
17297	17567
16499	17567
17567	19144
17567	17937
17567	18837
17567	17933
17290	17567
16565	16781
16565	18845
16565	19270
16565	18331
16565	19293
16565	18644
16565	17320
16304	16565
16565	17742
16565	19454
16565	19302
16357	16565
16565	19718
16565	17958
16565	18670
16565	18268
16565	16718
16565	17138
16565	18161
16538	16565
16565	17474
16530	16565
16565	18230
16565	17297
16499	16565
16781	18845
16781	19270
16781	18331
16781	19293
16781	18644
16781	17320
16304	16781
16781	17742
16781	19454
16781	19302
16357	16781
16781	19718
16781	17958
16781	18670
16781	18268
16718	16781
16781	17138
16781	18161
16538	16781
16781	17474
16530	16781
16781	18230
16781	17297
16499	16781
16781	19144
16781	17937
16781	18837
16781	17933
16781	17290
18331	19270
19270	19293
18644	19270
17320	19270
16304	19270
17742	19270
19270	19454
19270	19302
16357	19270
19270	19718
18331	19293
18331	18644
17320	18331
16304	18331
17742	18331
18331	19454
18331	19302
16357	18331
18331	19718
17958	18331
18331	18670
18268	18331
16718	18331
17138	18331
18161	18331
16538	18331
17474	18331
16530	18331
18230	18331
17297	18331
16499	18331
18331	19144
17937	18331
18331	18837
17933	18331
17290	18331
18644	19293
17320	19293
16304	19293
17742	19293
19293	19454
19293	19302
16357	19293
19293	19718
17958	19293
18670	19293
18268	19293
16718	19293
17138	19293
18161	19293
16538	19293
17474	19293
16530	19293
18230	19293
17297	19293
16499	19293
19144	19293
17937	19293
18837	19293
17933	19293
17290	19293
17320	18644
16304	18644
17742	18644
18644	19454
18644	19302
16357	18644
18644	19718
17958	18644
18644	18670
18268	18644
16718	18644
17138	18644
18161	18644
16538	18644
17474	18644
16530	18644
18230	18644
17297	18644
16499	18644
16304	17320
17320	17742
17320	19454
17320	19302
16357	17320
17320	19718
17320	17958
17320	18670
17320	18268
16718	17320
17138	17320
17320	18161
16538	17320
17320	17474
16530	17320
17320	18230
17297	17320
16499	17320
17320	19144
17320	17937
17320	18837
17320	17933
17290	17320
17742	19454
17742	19302
16357	17742
17742	19718
17742	17958
17742	18670
17742	18268
16718	17742
17138	17742
19302	19454
16357	19454
19454	19718
17958	19454
18670	19454
18268	19454
16718	19454
17138	19454
18161	19454
16538	19454
17474	19454
16530	19454
18230	19454
17297	19454
16499	19454
19144	19454
17937	19454
18837	19454
17933	19454
17290	19454
16357	19302
19302	19718
17958	19302
18670	19302
18268	19302
16718	19302
17138	19302
18161	19302
16538	19302
17474	19302
16530	19302
18230	19302
17297	19302
16499	19302
19144	19302
17937	19302
18837	19302
17933	19302
17290	19302
16357	19718
16357	17958
16357	18670
16357	18268
16357	16718
16357	17138
16357	18161
16357	16538
16357	17474
16357	16530
16357	18230
16357	17297
16357	16499
17958	19718
18670	19718
18268	19718
16718	19718
17138	19718
18161	19718
16538	19718
17474	19718
16530	19718
18230	19718
17297	19718
16499	19718
19144	19718
17937	19718
18837	19718
17933	19718
17290	19718
18268	18670
16718	18670
17138	18670
18161	18670
16538	18670
17474	18670
16530	18670
18230	18670
17297	18670
16718	18268
17138	18268
18161	18268
16538	18268
17474	18268
16530	18268
18230	18268
17297	18268
16499	18268
18268	19144
17937	18268
18268	18837
17933	18268
17290	18268
16718	17138
16718	18161
16538	16718
16718	17474
16530	16718
16718	18230
16718	17297
16499	16718
16718	19144
16718	17937
16718	18837
16718	17933
16718	17290
17138	18161
16538	17138
17138	17474
16530	17138
17138	18230
17138	17297
16499	17138
16538	17474
16530	16538
16538	18230
16538	17297
16499	16538
16538	19144
16538	17937
16530	17474
17474	18230
17297	17474
16499	17474
17474	19144
17474	17937
17474	18837
17474	17933
17290	17474
16530	18230
16530	17297
16499	16530
16530	19144
16530	17937
16530	18837
16530	17933
16530	17290
17297	18230
16499	18230
16499	17297
17297	19144
17297	17937
17297	18837
17297	17933
17290	17297
16499	19144
16499	17937
16499	18837
16499	17933
16499	17290
17937	19144
18837	19144
17933	19144
17290	19144
17937	18837
17933	17937
17290	17937
17933	18837
17290	18837
17290	17933
16856	17601
16923	17226
16522	19186
17405	19471
17119	19226
18010	19226
17902	19226
17119	18010
17901	17902
16971	17902
17902	18716
16971	17901
18680	18716
18042	18716
18457	18716
18042	18680
16783	18457
18457	19097
16518	18457
16783	19097
16518	17983
16518	16755
16518	19300
16755	17983
17897	19300
16539	19300
18310	19300
16539	17897
16475	18310
16612	18310
18310	19142
16475	16612
16592	19142
17523	19142
16883	17523
17523	17690
17523	18269
16883	17690
17900	18269
18269	18652
17900	18652
18832	18873
17046	18873
16569	19051
16569	17315
16569	17132
17287	17661
17287	17583
17683	18815
17124	18815
18815	19533
18073	18815
18073	19533
17128	19043
16978	19043
18729	19043
16978	17128
17128	18729
16978	18729
16418	18700
17244	18700
16418	17244
19081	19340
16386	19340
16386	19081
15998	21526
16810	18936
16810	16930
16930	18936
16844	19702
16654	19732
17635	18349
16785	17844
18522	19432
17142	17846
17846	19027
17741	19430
17831	19430
17741	17831
794	4054
1616	4250
1103	1859
4040	4381
659	4236
16271	16825
17590	17612
17186	18378
17579	17942
17490	19649
18024	18112
16843	19670
16342	17202
19504	19691
16385	19497
18656	19183
16165	18637
17614	18149
17935	18887
18886	19745
16210	16773
16673	17779
16956	19120
2880	3101
2395	3125
2541	2930
2910	2957
2898	4201
2550	2748
2697	2776
2940	3157
2756	3145
2741	2882
2553	3104
784	4241
784	4409
4241	4409
3936	4042
981	4042
981	3936
901	3839
831	3882
818	1198
3999	4352
17961	18094
17961	19015
18094	19015
7585	7710
10198	10437
63719	63755
7124	8297
53167	53511
2785	2814
2814	3222
2814	2817
2814	2823
2814	3048
2785	3222
2785	2817
2785	2823
2785	3048
2817	2823
2817	3048
2823	3048
3021	3404
3021	3062
3021	3216
2822	3021
3021	3569
3062	3404
3216	3404
2822	3404
3404	3569
2822	3216
3216	3569
2822	3569
81111	81126
11515	11516
63383	63428
48965	48982
48965	49301
48982	49301
2254	2573
2274	2573
2415	2573
2254	2274
2274	2415
2104	2267
50689	50690
12130	12272
6556	8359
6556	7244
7244	8359
6498	8250
6747	8532
6680	7297
7146	7297
7297	8672
6680	7146
6680	8672
7146	8672
8269	8852
6557	8290
7012	7023
5883	7012
5883	7023
6757	7330
6757	8318
6740	6757
7330	8318
6740	7330
6740	8318
7181	8444
7004	8444
8216	8444
7004	7181
7181	8216
7004	8216
6538	8756
6981	8756
6687	8756
7329	8756
6538	6981
6538	6687
6538	7329
6687	6981
6981	7329
6687	7329
4804	4871
4871	11216
6992	8693
6566	7148
7013	7064
3310	6930
8525	8832
6501	6754
85951	86039
85969	85983
12147	12153
12049	12184
12109	12281
12109	12113
12113	12281
12051	12114
12072	12122
12116	12155
12124	12276
12148	12175
1751	4937
1751	5048
1751	5313
1751	5044
1751	5479
1724	1751
4937	5048
4937	5313
4937	5044
4937	5479
1724	4937
5048	5313
5044	5048
5048	5479
5044	5313
5313	5479
1724	5479
1724	5133
1724	4936
1724	5043
1724	4939
4936	5133
5043	5133
4936	5043
4936	4939
4936	5045
1697	4936
4895	4936
4936	5051
4936	5311
1760	4936
4900	4936
4936	5131
1804	4936
4936	5312
4936	5042
4936	5529
4936	4938
4936	5040
4939	5043
5043	5045
1697	5043
4895	5043
5043	5051
5043	5311
1760	5043
4900	5043
5043	5131
1804	5043
5043	5312
5042	5043
5043	5529
4938	5043
5040	5043
1697	4939
4895	4939
4939	5051
4939	5311
1760	4939
4900	4939
4939	5131
1804	4939
4939	5312
4939	5042
4939	5529
4938	4939
4939	5040
1697	5045
4895	5045
5045	5051
5045	5311
1760	5045
4900	5045
5045	5131
1804	5045
5045	5312
5042	5045
5045	5529
4938	5045
5040	5045
1697	4895
1697	5051
1697	5311
1697	1760
1697	4900
1697	5131
1697	1804
1697	5312
1697	5042
1697	5529
1697	4938
1697	5040
4895	5311
1760	4895
4895	4900
4895	5131
1804	4895
4895	5312
4895	5042
4895	5529
4895	4938
4895	5040
5051	5311
1760	5051
4900	5051
5051	5131
1804	5051
5051	5312
5042	5051
5051	5529
4938	5051
5040	5051
1760	5311
4900	5311
5131	5311
1804	5311
5311	5312
5042	5311
5311	5529
4938	5311
5040	5311
1760	4900
1760	5131
1760	1804
1760	5312
1760	5042
1760	5529
1760	4938
1760	5040
4900	5131
1804	4900
4900	5312
4900	5042
4900	5529
4900	4938
4900	5040
1804	5131
5131	5312
5042	5131
5131	5529
4938	5131
5040	5131
1804	5312
1804	5042
1804	5529
1804	4938
1804	5040
5042	5312
5312	5529
4938	5312
5040	5312
5042	5529
4938	5042
5040	5042
4938	5529
5040	5529
8014	8639
18058	19538
18058	19070
18058	18076
19070	19538
18076	19538
18076	19070
19017	19070
16651	19017
16480	19017
16480	16929
16480	18880
16929	18880
16593	16929
16929	17647
16593	18880
17647	18880
16593	17647
17819	19063
17255	17949
17949	18953
17949	19232
17255	18953
17255	19232
18953	19232
18550	19067
16412	19067
16412	18550
17120	19028
17130	19028
16873	19028
17120	17130
16873	17120
16873	17130
18949	18992
16224	19163
17381	19163
16224	17381
16183	18902
16183	19648
18902	19648
18579	19098
18587	19098
18579	18587
16548	18236
16548	18952
16259	16548
18236	18952
16259	18236
16259	18952
16246	17877
16157	17877
16157	16246
17816	19356
16681	17816
16681	19356
18630	19011
17235	17691
16379	17691
17273	17691
16379	17235
17235	17273
16379	17273
17875	18890
17158	18890
18890	19444
17158	17875
17875	19444
17158	19444
17094	19200
18706	19373
17087	19373
18318	19373
17087	18706
18318	18706
17087	18318
16453	18484
18419	18484
16208	18484
16453	18419
16208	16453
16208	18419
19437	19546
16454	18102
17765	18969
17765	18758
18758	19106
16920	17390
17707	18539
18273	18976
18216	18239
18278	18821
17857	18278
18278	18892
17857	18821
18821	18892
17857	18892
50967	50976
17206	17675
17206	17417
17417	17675
16288	19064
16288	18441
18441	19064
1577	1579
1332	1584
1343	1534
1478	1534
1534	4408
1395	1534
1396	1534
1534	1544
1343	1478
1343	4408
1343	1395
1343	1396
1343	1544
1478	4408
1395	1478
1396	1478
1478	1544
1395	4408
1396	4408
1544	4408
1395	1396
1395	1544
1396	1544
1404	1516
1312	1535
1274	1535
1274	1312
1261	1431
47437	47438
9972	11575
9770	10234
9755	9771
9754	9764
8283	9760
9743	9760
9744	9760
8283	9743
8283	9744
9743	9744
2157	2400
2001	2400
2141	2400
2001	2157
2141	2157
2001	2141
15881	15882
15881	15884
15881	15885
15882	15884
15882	15885
15884	15885
66497	66603
66562	66732
66527	66776
66498	66629
66396	66406
66553	66565
38192	38199
21142	21255
21068	21255
21057	21255
21151	21255
21115	21255
21068	21142
21057	21142
21142	21151
21115	21142
21057	21068
21068	21151
21068	21115
21057	21151
21057	21115
21115	21151
64966	65116
31813	31969
2266	2586
1400	1513
1366	1400
1366	1513
2318	2653
2112	2116
1266	1348
1300	1412
1580	4164
1580	1588
1475	1580
1588	4164
1475	4164
1475	1588
1474	1477
1380	1398
1380	1517
1307	1380
1398	1517
1307	1398
1307	1517
1303	1483
1303	1330
1303	1329
1303	1573
1267	1303
1330	1483
1329	1483
1483	1573
1267	1483
1329	1330
1330	1573
1267	1330
1329	1573
1267	1329
1267	1573
10130	10143
9029	9048
9029	10407
9029	10846
9048	10407
9048	10846
10407	10846
66452	66540
66695	66723
66518	66546
1439	1495
1432	1495
1495	4363
1432	1439
1439	4363
1432	4363
1309	1566
1571	4421
1528	1571
1252	1571
1269	1571
1528	4421
1252	4421
1269	4421
1252	1528
1269	1528
1252	1269
1249	1347
1298	1347
1242	1347
1249	1298
1242	1249
1242	1298
1283	1388
1278	1388
1324	1388
1278	1283
1283	1324
1278	1324
13356	15381
1066	1327
1479	1501
1248	1458
3779	3780
47374	47378
11801	11805
11828	11831
11792	11817
1256	1355
1355	1364
1256	1364
1493	1514
1356	1493
1492	1493
1356	1514
1492	1514
1356	1492
1338	1377
1281	1490
40607	40803
40615	40811
4068	4070
2524	2525
4808	4824
66586	66730
3483	3629
51081	51120
15887	15888
15887	15890
15887	15892
15887	15895
15887	15900
15887	15901
15887	15902
15888	15890
15888	15892
15888	15895
15888	15900
15888	15901
15888	15902
15890	15892
15890	15895
15890	15900
15890	15901
15890	15902
15892	15895
15892	15900
15892	15901
15892	15902
15895	15900
15895	15901
15895	15902
15900	15901
15900	15902
15901	15902
66363	66745
66728	66760
62860	62926
10444	10800
10444	11236
5408	5409
3746	9844
9553	9844
9798	9844
9804	9844
1667	9844
9805	9844
4908	9844
9814	9844
3746	9553
3746	9798
3746	9804
1667	3746
3746	9805
3746	4908
3746	9814
9553	9798
9553	9804
1667	9553
9553	9805
4908	9553
9553	9814
9798	9804
1667	9798
9798	9805
4908	9798
9798	9814
1667	9804
9804	9805
4908	9804
9804	9814
1667	9805
1667	4908
1667	9814
4908	9805
9805	9814
4908	9814
17420	19265
17040	17420
17420	18733
17040	19265
18733	19265
17040	18733
17591	17803
17591	19016
17803	19016
17376	18303
18303	18598
17698	18303
17376	18598
17376	17698
17698	18598
17468	18490
17089	18537
17089	19598
18537	19598
17686	18025
17349	17686
17349	18025
16750	19289
16750	19131
19131	19289
19045	19483
17525	19483
19297	19483
17525	19045
19045	19297
17525	19297
16853	17164
17164	18334
16853	18334
16213	18495
16213	18692
18495	18692
18370	18817
16470	19077
16470	17336
16470	17744
17336	19077
17744	19077
17336	17744
17992	18855
16266	17992
17045	17992
16266	18855
17045	18855
16266	17045
17632	18602
17733	19630
16280	17733
17733	18584
16280	19630
18584	19630
16280	18584
16170	19688
16687	19688
19616	19688
16170	16687
16170	19616
16687	19616
21089	21215
16829	17870
17870	17881
17870	19234
16829	17881
16829	19234
17881	19234
17802	18263
17394	18263
16806	18263
16549	18263
18263	19146
18263	19394
17394	17802
16806	17802
16549	17802
17802	19146
17802	19394
16806	17394
16549	17394
17394	19146
17394	19394
16549	16806
16806	19146
16806	19394
16549	19146
16549	19394
19146	19394
16668	19253
16817	17467
17098	17467
17098	17827
16738	17607
17823	18131
16880	16987
16669	17149
17149	19677
17149	17338
16669	19677
16669	17338
17338	19677
17848	17974
18899	19586
21081	21091
21081	21129
85622	85661
5963	6438
5838	6400
6294	6400
5838	6294
6235	6296
3748	6424
6905	7211
75041	75135
5596	5597
5593	5597
5594	5597
5593	5596
5594	5595
5594	5598
5595	5598
7099	8705
12057	12251
66526	66626
21134	21153
21153	21160
21153	21243
21134	21160
21134	21243
21160	21243
51145	51152
6036	6349
50633	64209
50686	50700
50686	50718
50700	50718
2915	3137
3102	3128
2937	3136
2936	3085
2918	3172
2988	3140
2758	2988
2377	2988
2758	3140
2377	3140
2377	2758
65799	66314
65709	65961
5990	6250
45640	45945
4954	4981
49666	49698
7433	7506
7505	7506
7433	7505
7428	7435
7475	7532
7583	7594
31891	31967
52615	53170
31170	73383
54638	54663
53187	53496
65552	66636
7593	7684
7473	7632
7472	7567
6481	6486
6481	10828
6486	10828
66416	66737
66412	66447
66711	66758
21139	21198
21060	21139
21139	21211
21054	21139
21114	21139
21060	21198
21198	21211
21054	21198
21114	21198
21060	21211
21054	21060
21060	21114
21054	21211
21114	21211
21054	21114
66454	66577
66625	66738
66604	66701
66479	66787
66561	66764
11473	11504
72659	72741
66743	66779
8920	9398
34928	35597
63467	63579
7442	7739
702	964
66618	66740
66536	66754
2557	2929
38272	38355
7280	8854
11049	11388
10681	10780
49977	50111
9988	10949
6902	8296
4495	4504
66382	66421
66595	66789
5921	6357
5771	5921
5921	6210
5895	5921
5672	5921
5771	6357
6210	6357
5895	6357
5672	6357
5771	6210
5771	5895
5672	5771
5895	6210
5672	6210
5672	5895
66407	66507
66323	66777
5775	6346
5780	6346
5760	6346
6346	6353
5775	5780
5760	5775
5775	6353
5760	5780
5780	6353
5760	6353
66691	66694
6332	6333
6199	6332
6041	6332
6199	6333
6041	6333
6041	6199
6340	6347
6060	6347
6347	6363
6205	6347
6061	6347
6066	6347
6178	6347
6174	6347
5768	6347
5912	6347
6060	6340
6340	6363
6205	6340
6061	6340
6066	6340
6178	6340
6174	6340
5768	6340
5912	6340
6060	6363
6060	6205
6060	6061
6060	6066
6060	6178
6060	6174
5768	6060
5912	6060
6205	6363
6061	6363
6066	6363
6178	6363
6174	6363
5768	6363
5912	6363
6061	6205
6066	6205
6178	6205
6174	6205
5768	6205
5912	6205
6061	6066
6061	6178
6061	6174
5768	6061
5912	6061
6066	6178
6066	6174
5768	6066
5912	6066
6174	6178
5768	6178
5912	6178
5768	6174
5912	6174
5768	5912
1677	1686
1674	1677
1677	1688
1677	1687
1673	1677
1674	1686
1686	1688
1686	1687
1673	1686
1674	1688
1674	1687
1673	1674
1687	1688
1673	1688
1673	1687
74377	86533
38225	38287
2509	2664
43489	43502
52055	52997
62807	63126
66429	66544
66331	66632
17535	17796
17535	17671
16220	17535
17289	17535
16861	17535
17535	18913
17535	19626
17535	18282
17535	19102
17535	19486
16361	17535
17535	18844
17535	18014
17535	18569
17535	19436
16437	17535
17171	17535
17535	18667
17231	17535
17292	17535
17473	17535
17535	17543
17396	17535
17535	17711
17535	18307
17458	17535
17266	17535
17535	18026
17535	19193
16901	17535
17671	17796
16220	17796
17289	17796
16861	17796
17796	18913
17796	19626
17796	18282
17796	19102
17796	19486
16361	17796
17796	18844
17796	18014
17796	18569
17796	19436
16437	17796
17171	17796
17796	18667
17231	17796
17292	17796
17473	17796
17543	17796
17396	17796
17711	17796
17796	18307
17458	17796
17266	17796
17796	18026
17796	19193
16901	17796
16220	17671
17289	17671
16861	17671
17671	18913
17671	19626
17671	18282
17671	19102
17671	19486
16361	17671
17671	18844
17671	18014
17671	18569
17671	19436
16437	17671
17171	17671
17671	18667
17231	17671
17292	17671
17473	17671
17543	17671
17396	17671
17671	17711
17671	18307
17458	17671
17266	17671
17671	18026
17671	19193
16901	17671
16220	17289
16220	16861
16220	18913
16220	19626
16220	18282
16220	19102
16220	19486
16220	16361
16220	18844
16220	18014
16220	18569
16220	19436
16220	16437
16220	17171
16220	18667
16220	17231
16220	17292
16220	17473
16220	17543
16220	17396
16220	17711
16220	18307
16220	17458
16220	17266
16220	18026
16220	19193
16220	16901
16861	17289
17289	18913
17289	19626
17289	18282
17289	19102
17289	19486
16361	17289
17289	18844
17289	18014
17289	18569
17289	19436
16437	17289
17171	17289
17289	18667
17231	17289
17289	17292
17289	17473
17289	17543
17289	17396
17289	17711
17289	18307
17289	17458
17266	17289
17289	18026
17289	19193
16901	17289
16861	18913
16861	19626
16861	18282
16861	19102
16861	19486
16361	16861
16861	18844
16861	18014
16861	18569
16861	19436
16437	16861
16861	17171
16861	18667
16861	17231
16861	17292
16861	17473
16861	17543
16861	17396
16861	17711
16861	18307
16861	17458
16861	17266
16861	18026
16861	19193
16861	16901
18913	19626
18282	18913
18913	19102
18913	19486
16361	18913
18844	18913
18014	18913
18569	18913
18913	19436
16437	18913
17171	18913
18667	18913
17231	18913
17292	18913
17473	18913
17543	18913
17396	18913
17711	18913
18307	18913
17458	18913
17266	18913
18026	18913
18913	19193
16901	18913
18282	19626
19102	19626
19486	19626
16361	19626
18844	19626
18014	19626
18569	19626
19436	19626
16437	19626
17171	19626
18667	19626
17231	19626
17292	19626
17473	19626
17543	19626
17396	19626
17711	19626
18307	19626
17458	19626
17266	19626
18026	19626
19193	19626
16901	19626
18282	19102
18282	19486
16361	18282
18282	18844
18014	18282
18282	18569
18282	19436
16437	18282
17171	18282
18282	18667
17231	18282
17292	18282
17473	18282
17543	18282
17396	18282
17711	18282
18282	18307
17458	18282
17266	18282
18026	18282
18282	19193
16901	18282
19102	19486
16361	19102
18844	19102
18014	19102
18569	19102
19102	19436
16437	19102
17171	19102
18667	19102
17231	19102
17292	19102
17473	19102
17543	19102
17396	19102
17711	19102
18307	19102
17458	19102
17266	19102
18026	19102
19102	19193
16901	19102
16361	19486
18844	19486
18014	19486
18569	19486
19436	19486
16437	19486
17171	19486
18667	19486
17231	19486
17292	19486
17473	19486
17543	19486
17396	19486
17711	19486
18307	19486
17458	19486
17266	19486
18026	19486
19193	19486
16901	19486
16361	18844
16361	18014
16361	18569
16361	19436
16361	16437
16361	17171
16361	18667
16361	17231
16361	17292
16361	17473
16361	17543
16361	17396
16361	17711
16361	18307
16361	17458
16361	17266
16361	18026
16361	19193
16361	16901
18014	18844
18569	18844
18844	19436
16437	18844
17171	18844
18667	18844
17231	18844
17292	18844
17473	18844
17543	18844
17396	18844
17711	18844
18307	18844
17458	18844
17266	18844
18026	18844
18844	19193
16901	18844
18014	18569
18014	19436
16437	18014
17171	18014
18014	18667
17231	18014
17292	18014
17473	18014
17543	18014
17396	18014
17711	18014
18014	18307
17458	18014
17266	18014
18014	18026
18014	19193
16901	18014
18569	19436
16437	18569
17171	18569
18569	18667
17231	18569
17292	18569
17473	18569
17543	18569
17396	18569
17711	18569
18307	18569
17458	18569
17266	18569
18026	18569
18569	19193
16901	18569
16437	19436
17171	19436
18667	19436
17231	19436
17292	19436
17473	19436
17543	19436
17396	19436
17711	19436
18307	19436
17458	19436
17266	19436
18026	19436
19193	19436
16901	19436
16437	17171
16437	18667
16437	17231
16437	17292
16437	17473
16437	17543
16437	17396
16437	17711
16437	18307
16437	17458
16437	17266
16437	18026
16437	19193
16437	16901
17171	18667
17171	17231
17171	17292
17171	17473
17171	17543
17171	17396
17171	17711
17171	18307
17171	17458
17171	17266
17171	18026
17171	19193
16901	17171
17231	18667
17292	18667
17473	18667
17543	18667
17396	18667
17711	18667
18307	18667
17458	18667
17266	18667
18026	18667
18667	19193
16901	18667
17231	17292
17231	17473
17231	17543
17231	17396
17231	17711
17231	18307
17231	17458
17231	17266
17231	18026
17231	19193
16901	17231
17292	17473
17292	17543
17292	17396
17292	17711
17292	18307
17292	17458
17266	17292
17292	18026
17292	19193
16901	17292
17473	17543
17396	17473
17473	17711
17473	18307
17458	17473
17266	17473
17473	18026
17473	19193
16901	17473
17396	17543
17543	17711
17543	18307
17458	17543
17266	17543
17543	18026
17543	19193
16901	17543
17396	17711
17396	18307
17396	17458
17266	17396
17396	18026
17396	19193
16901	17396
17711	18307
17458	17711
17266	17711
17711	18026
17711	19193
16901	17711
17458	18307
17266	18307
18026	18307
18307	19193
16901	18307
17266	17458
17458	18026
17458	19193
16901	17458
17266	18026
17266	19193
16901	17266
18026	19193
16901	18026
16901	19193
16760	18499
18499	19716
18499	19440
16760	19716
16760	19440
16760	18519
16760	18078
16760	18792
16644	16760
16760	18127
16760	17021
16760	17734
16537	16760
16760	19737
16760	17887
16760	18097
16760	19390
16760	17008
16760	16836
16760	18545
16760	17113
16760	19428
16760	18340
16760	17609
19440	19716
18519	19716
18078	19716
18519	19440
18078	19440
18792	19440
16644	19440
18127	19440
17021	19440
17734	19440
16537	19440
19440	19737
17887	19440
18097	19440
19390	19440
17008	19440
16836	19440
18545	19440
17113	19440
19428	19440
18340	19440
17609	19440
18408	19440
19440	19731
17160	19440
18183	19440
19336	19440
18918	19440
16753	19440
18529	19440
18078	18519
18519	18792
16644	18519
18127	18519
17021	18519
17734	18519
16537	18519
18519	19737
17887	18519
18097	18519
18519	19390
17008	18519
16836	18519
18519	18545
17113	18519
18519	19428
18340	18519
17609	18519
18408	18519
18519	19731
17160	18519
18183	18519
18519	19336
18519	18918
16753	18519
18519	18529
18078	18792
16644	18078
18078	18127
17021	18078
17734	18078
16537	18078
18078	19737
17887	18078
18078	18097
18078	19390
17008	18078
16836	18078
18078	18545
17113	18078
18078	19428
18078	18340
17609	18078
18078	18408
18078	19731
17160	18078
18078	18183
18078	19336
18078	18918
16753	18078
18078	18529
16644	18792
18127	18792
17021	18792
17734	18792
16537	18792
18792	19737
17887	18792
18097	18792
18792	19390
17008	18792
16836	18792
18545	18792
17113	18792
18792	19428
18340	18792
17609	18792
18408	18792
18792	19731
17160	18792
18183	18792
18792	19336
18792	18918
16753	18792
18529	18792
16644	18127
16644	17021
16644	17734
16537	16644
16644	19737
16644	17887
16644	18097
16644	19390
16644	17008
16644	16836
16644	18545
16644	17113
16644	19428
16644	18340
16644	17609
16644	18408
16644	19731
16644	17160
16644	18183
16644	19336
16644	18918
16644	16753
16644	18529
17021	18127
17734	18127
16537	18127
18127	19737
17887	18127
18097	18127
18127	19390
17008	18127
16836	18127
18127	18545
17113	18127
18127	19428
18127	18340
17609	18127
18127	18408
18127	19731
17160	18127
18127	18183
18127	19336
18127	18918
16753	18127
18127	18529
17021	17734
16537	17021
17021	19737
17021	17887
17021	18097
17021	19390
17008	17021
16836	17021
17021	18545
17021	17113
17021	19428
17021	18340
17021	17609
17021	18408
17021	19731
17021	17160
17021	18183
17021	19336
17021	18918
16753	17021
17021	18529
16537	17734
17734	19737
17734	17887
17734	18097
17734	19390
17008	17734
16836	17734
17734	18545
17113	17734
17734	19428
17734	18340
17609	17734
17734	18408
17734	19731
17160	17734
17734	18183
17734	19336
17734	18918
16753	17734
17734	18529
16537	19737
16537	17887
16537	18097
16537	19390
16537	17008
16537	16836
16537	18545
16537	17113
16537	19428
16537	18340
16537	17609
16537	18408
16537	19731
16537	17160
16537	18183
16537	19336
16537	18918
16537	16753
16537	18529
17887	19737
18097	19737
19390	19737
17008	19737
16836	19737
18545	19737
17113	19737
19428	19737
18340	19737
17609	19737
18408	19737
19731	19737
17160	19737
18183	19737
19336	19737
18918	19737
16753	19737
18529	19737
17887	18097
17887	19390
17008	17887
16836	17887
17887	18545
17113	17887
17887	19428
17887	18340
17609	17887
18097	19390
17008	18097
16836	18097
18097	18545
17113	18097
18097	19428
18097	18340
17609	18097
17008	19390
16836	19390
18545	19390
17113	19390
19390	19428
18340	19390
17609	19390
18408	19390
19390	19731
17160	19390
18183	19390
19336	19390
18918	19390
16753	19390
18529	19390
16836	17008
17008	18545
17008	17113
17008	19428
17008	18340
17008	17609
17008	18408
17008	19731
17008	17160
17008	18183
17008	19336
17008	18918
16753	17008
17008	18529
16836	18545
16836	17113
16836	19428
16836	18340
16836	17609
16836	18408
16836	19731
16836	17160
16836	18183
16836	19336
16836	18918
16753	16836
16836	18529
17113	18545
18545	19428
18340	18545
17609	18545
18408	18545
18545	19731
17160	18545
18183	18545
18545	19336
18545	18918
16753	18545
18529	18545
17113	19428
17113	18340
17113	17609
17113	18408
17113	19731
17113	17160
17113	18183
17113	19336
17113	18918
16753	17113
17113	18529
18340	19428
17609	19428
18408	19428
19428	19731
17160	19428
18183	19428
19336	19428
18918	19428
16753	19428
18529	19428
17609	18340
18340	18408
18340	19731
17160	18340
18183	18340
18340	19336
18340	18918
16753	18340
18340	18529
17609	18408
17609	19731
17160	17609
17609	18183
17609	19336
17609	18918
16753	17609
17609	18529
18408	19731
17160	18408
18183	18408
18408	19336
18408	18918
16753	18408
18408	18529
17160	19731
18183	19731
19336	19731
18918	19731
16753	19731
18529	19731
17160	18183
17160	19336
17160	18918
16753	17160
17160	18529
18183	19336
18183	18918
16753	18183
18183	18529
18918	19336
16753	19336
18529	19336
16753	18918
18529	18918
16753	18529
21229	21236
21100	21180
21042	21180
21180	21254
21042	21100
21100	21254
21042	21254
21124	21247
21078	21247
21050	21247
21078	21124
21050	21124
21050	21078
6689	6829
16741	19264
16679	19264
17233	19264
19053	19264
19264	19345
18344	19264
17276	19264
19033	19264
16604	19264
16728	19264
16450	19264
18066	19264
18321	19264
18724	19264
18248	19264
16679	16741
16741	17233
16741	19053
16741	19345
16741	18344
16741	17276
16741	19033
16604	16741
16728	16741
16450	16741
16741	18066
16741	18321
16741	18724
16741	18248
16679	17233
16679	19053
16679	19345
16679	18344
16679	17276
16679	19033
16604	16679
16679	16728
16450	16679
16679	18066
16679	18321
16679	18724
16679	18248
17233	19053
17233	19345
17233	18344
17233	17276
17233	19033
16604	17233
16728	17233
16450	17233
17233	18066
17233	18321
17233	18724
17233	18248
19053	19345
18344	19053
17276	19053
19033	19053
16604	19053
16728	19053
16450	19053
18066	19053
18321	19053
18724	19053
18248	19053
18344	19345
17276	19345
19033	19345
16604	19345
16728	19345
16450	19345
18066	19345
18321	19345
18724	19345
18248	19345
17276	18344
18344	19033
16604	18344
16728	18344
16450	18344
18066	18344
18321	18344
18344	18724
18248	18344
17276	19033
16604	17276
16728	17276
16450	17276
17276	18066
17276	18321
17276	18724
17276	18248
16604	19033
16728	19033
16450	19033
18066	19033
18321	19033
18724	19033
18248	19033
16604	16728
16450	16604
16604	18066
16604	18321
16604	18724
16604	18248
16450	16728
16728	18066
16728	18321
16728	18724
16728	18248
16450	18066
16450	18321
16450	18724
16450	18248
18066	18321
18066	18724
18066	18248
18321	18724
18248	18321
18248	18724
1997	2580
2070	2428
15911	15913
15911	15914
15913	15914
66520	66771
66649	66705
66502	66568
64900	64912
38266	38353
6795	8348
65638	65923
49010	49648
42863	42952
42863	42960
42952	42960
615	3921
49174	49323
73830	73844
50	51
12093	12286
10501	10590
10359	10584
10367	10584
10387	10584
10359	10367
10359	10387
10367	10387
10335	10394
10445	10803
10803	11413
73938	74090
66517	66642
6112	6116
6253	6261
5968	6399
6233	6416
6307	6385
5863	6245
6141	6164
66525	66616
19167	19571
18016	19167
18016	19571
17200	19281
17176	17634
16413	17693
16479	17693
16413	16479
16326	18444
13409	14362
9506	9511
9501	9506
9501	9511
2829	3533
54649	54657
89066	89082
7141	8687
6873	7141
6873	8687
49176	49220
11976	12003
11974	11997
11959	12001
11985	12004
11973	11996
12023	12034
2065	2124
2171	2187
2171	2263
2171	2282
2125	2171
2125	2282
2094	2567
2074	2155
1237	1253
1353	1371
1523	1543
1072	1523
1072	1543
1455	1548
1282	1505
1254	1361
1254	1363
1361	1363
1280	1442
1142	1442
1142	1280
1263	4428
1263	1370
1370	4428
87057	87450
2804	3401
18272	18552
16964	18552
17934	18552
17198	18552
17302	18552
17574	18552
16729	18552
18552	18594
17480	18552
17537	18552
17208	18552
17923	18552
17717	18552
18552	18794
16658	18552
18552	19580
18552	19204
16944	18552
18194	18552
17374	18552
16815	18552
17922	18552
18552	19420
18552	19646
16495	18552
17666	18552
16519	18552
18552	19188
18210	18552
16600	18552
16964	18272
17934	18272
17198	18272
17302	18272
17574	18272
16729	18272
18272	18594
17480	18272
17537	18272
17208	18272
17923	18272
17717	18272
18272	18794
16658	18272
18272	19580
18272	19204
16944	18272
18194	18272
17374	18272
16815	18272
17922	18272
18272	19420
18272	19646
16495	18272
17666	18272
16519	18272
18272	19188
18210	18272
16600	18272
16964	17934
16964	17198
16964	17302
16964	17574
16729	16964
16964	18594
16964	17480
16964	17537
16964	17208
16964	17923
16964	17717
16964	18794
16658	16964
16964	19580
16964	19204
16944	16964
16964	18194
16964	17374
16815	16964
16964	17922
16964	19420
16964	19646
16495	16964
16964	17666
16519	16964
16964	19188
16964	18210
16600	16964
17198	17934
17302	17934
17574	17934
16729	17934
17934	18594
17480	17934
17537	17934
17208	17934
17923	17934
17717	17934
17934	18794
16658	17934
17934	19580
17934	19204
16944	17934
17934	18194
17374	17934
16815	17934
17922	17934
17934	19420
17934	19646
16495	17934
17666	17934
16519	17934
17934	19188
17934	18210
16600	17934
17198	17302
17198	17574
16729	17198
17198	18594
17198	17480
17198	17537
17198	17208
17198	17923
17198	17717
17198	18794
16658	17198
17198	19580
17198	19204
16944	17198
17198	18194
17198	17374
16815	17198
17198	17922
17198	19420
17198	19646
16495	17198
17198	17666
16519	17198
17198	19188
17198	18210
16600	17198
17302	17574
16729	17302
17302	18594
17302	17480
17302	17537
17208	17302
17302	17923
17302	17717
17302	18794
16658	17302
17302	19580
17302	19204
16944	17302
17302	18194
17302	17374
16815	17302
17302	17922
17302	19420
17302	19646
16495	17302
17302	17666
16519	17302
17302	19188
17302	18210
16600	17302
16729	17574
17574	18594
17480	17574
17537	17574
17208	17574
17574	17923
17574	17717
17574	18794
16658	17574
17574	19580
17574	19204
16944	17574
17574	18194
17374	17574
16815	17574
17574	17922
17574	19420
17574	19646
16495	17574
17574	17666
16519	17574
17574	19188
17574	18210
16600	17574
16729	18594
16729	17480
16729	17537
16729	17208
16729	17923
16729	17717
16729	18794
16658	16729
16729	19580
16729	19204
16729	16944
16729	18194
16729	17374
16729	16815
16729	17922
16729	19420
16729	19646
16495	16729
16729	17666
16519	16729
16729	19188
16729	18210
16600	16729
17480	18594
17537	18594
17208	18594
17923	18594
17717	18594
18594	18794
16658	18594
18594	19580
18594	19204
16944	18594
18194	18594
17374	18594
16815	18594
17922	18594
18594	19420
18594	19646
16495	18594
17666	18594
16519	18594
18594	19188
18210	18594
16600	18594
17480	17537
17208	17480
17480	17923
17480	17717
17480	18794
16658	17480
17480	19580
17480	19204
16944	17480
17480	18194
17374	17480
16815	17480
17480	17922
17480	19420
17480	19646
16495	17480
17480	17666
16519	17480
17480	19188
17480	18210
16600	17480
17208	17537
17537	17923
17537	17717
17537	18794
16658	17537
17537	19580
17537	19204
16944	17537
17537	18194
17374	17537
16815	17537
17537	17922
17537	19420
17537	19646
16495	17537
17537	17666
16519	17537
17537	19188
17537	18210
16600	17537
17208	17923
17208	17717
17208	18794
16658	17208
17208	19580
17208	19204
16944	17208
17208	18194
17208	17374
16815	17208
17208	17922
17208	19420
17208	19646
16495	17208
17208	17666
16519	17208
17208	19188
17208	18210
16600	17208
17717	17923
17923	18794
16658	17923
17923	19580
17923	19204
16944	17923
17923	18194
17374	17923
16815	17923
17922	17923
17923	19420
17923	19646
16495	17923
17666	17923
16519	17923
17923	19188
17923	18210
16600	17923
17717	18794
16658	17717
17717	19580
17717	19204
16944	17717
17717	18194
17374	17717
16815	17717
17717	17922
17717	19420
17717	19646
16495	17717
17666	17717
16519	17717
17717	19188
17717	18210
16600	17717
16658	18794
18794	19580
18794	19204
16944	18794
18194	18794
17374	18794
16815	18794
17922	18794
18794	19420
18794	19646
16495	18794
17666	18794
16519	18794
18794	19188
18210	18794
16600	18794
16658	19580
16658	19204
16658	16944
16658	18194
16658	17374
16658	16815
16658	17922
16658	19420
16658	19646
16495	16658
16658	17666
16519	16658
16658	19188
16658	18210
16600	16658
19204	19580
16944	19580
18194	19580
17374	19580
16815	19580
17922	19580
19420	19580
19580	19646
16495	19580
17666	19580
16519	19580
19188	19580
18210	19580
16600	19580
16944	19204
18194	19204
17374	19204
16815	19204
17922	19204
19204	19420
19204	19646
16495	19204
17666	19204
16519	19204
19188	19204
18210	19204
16600	19204
16944	18194
16944	17374
16815	16944
16944	17922
16944	19420
16944	19646
16495	16944
16944	17666
16519	16944
16944	19188
16944	18210
16600	16944
17374	18194
16815	18194
17922	18194
18194	19420
18194	19646
16495	18194
17666	18194
16519	18194
18194	19188
18194	18210
16600	18194
16815	17374
17374	17922
17374	19420
17374	19646
16495	17374
17374	17666
16519	17374
17374	19188
17374	18210
16600	17374
16815	17922
16815	19420
16815	19646
16495	16815
16815	17666
16519	16815
16815	19188
16815	18210
16600	16815
17922	19420
17922	19646
16495	17922
17666	17922
16519	17922
17922	19188
17922	18210
16600	17922
19420	19646
16495	19420
17666	19420
16519	19420
19188	19420
18210	19420
16600	19420
16495	19646
17666	19646
16519	19646
19188	19646
18210	19646
16600	19646
16495	17666
16495	16519
16495	19188
16495	18210
16495	16600
16519	17666
17666	19188
17666	18210
16600	17666
16519	19188
16519	18210
16519	16600
18210	19188
16600	19188
16600	18210
66539	66708
2821	2847
9519	9527
2791	3209
2791	3192
3192	3209
3392	3550
11942	11980
11893	11942
11893	11980
81558	81747
6843	8578
65586	65687
1055	4056
4586	4592
2041	2233
2072	2233
2233	2424
2233	10015
2041	2072
2041	2424
2041	10015
2072	2424
2072	10015
2424	10015
66542	66773
12140	12360
12065	12140
12066	12140
12065	12360
12066	12360
12065	12066
66464	66581
66529	66599
18988	19672
1998	2121
2048	2121
1998	2048
2079	2270
61652	61671
50963	50984
9862	11862
11863	12394
26856	27395
21065	21132
21132	21162
21059	21132
21065	21162
21059	21065
21059	21162
11050	11135
9890	9902
9807	9837
9806	9837
9802	9837
9817	9837
9803	9837
9806	9807
9802	9807
9807	9817
9803	9807
9802	9806
9806	9817
9803	9806
9802	9817
9802	9803
9803	9817
2029	2064
2064	2193
2064	2081
2029	2193
2029	2081
2081	2193
2276	2285
5248	5291
5291	5469
5248	10155
5469	10155
5180	5253
5180	5528
5253	12417
5528	12417
5076	5187
5187	10071
4998	5320
4998	5431
5320	10320
5431	10320
4856	5255
4856	5476
5082	5255
5082	5476
5005	5466
5466	12492
1807	5322
1807	5460
1726	5252
1726	5527
5252	5294
5294	5527
5075	5138
5075	5463
5138	5375
5375	5463
5292	5321
5292	5432
5321	12209
5432	12209
1782	5141
1782	5516
5141	5175
5175	5516
5139	5218
5139	10317
5218	5434
5434	10317
1690	5143
1690	5437
5143	5179
5179	5437
1710	5188
1710	5478
5188	5225
5225	5478
5244	5356
5244	5513
5356	9410
5513	9410
5145	5226
5145	12494
5226	5517
5517	12494
1772	5323
1772	5505
5246	5323
5246	5505
1773	5186
1773	5474
5059	5186
5059	5474
5089	5435
5435	12210
5004	5319
5004	5504
5319	5330
5330	5504
4950	5250
4950	5525
5223	5250
5223	5525
5081	5254
5081	5475
5254	9411
5475	9411
5140	5220
5140	10998
5220	5464
5464	10998
1723	5317
1723	5459
5242	5317
5242	5459
5219	5353
5219	5520
5353	10318
5520	10318
1783	5247
1783	5524
5243	5247
5243	5524
1794	5359
1794	5515
5224	5359
5224	5515
4997	5477
5477	9714
5065	5251
5065	5526
5251	10047
5526	10047
5222	5318
5222	5430
5318	10046
5430	10046
5002	5184
5002	5470
5184	10085
5470	10085
5221	5249
5221	5471
5003	5221
5142	5221
5221	5465
5221	9409
5249	11851
5003	5249
5142	5249
5249	5465
5249	9409
5471	11851
5003	5471
5142	5471
5465	5471
5471	9409
5003	11851
5142	11851
5465	11851
9409	11851
5003	5142
5003	5465
5142	9409
5465	9409
5183	5324
5183	5461
5324	11856
5461	11856
3700	4994
3700	5507
4994	5181
5181	5507
5177	5357
5177	5514
5177	5178
5177	5358
5177	5522
5177	10009
5357	10096
5178	5357
5357	5358
5357	5522
5357	10009
5514	10096
5178	5514
5358	5514
5514	5522
5514	10009
5178	10096
5358	10096
5522	10096
10009	10096
5178	5358
5178	5522
5358	10009
5522	10009
4949	5355
4949	5521
5176	5355
5176	5521
4999	5361
5361	10165
1709	1770
1775	1801
5303	5339
1717	1727
1717	3345
1727	3345
5240	5306
5240	5342
5306	5342
1741	5305
1741	5341
1741	9884
1741	10094
5239	5305
5239	5341
5239	9884
5239	10094
5305	5341
5305	9884
5341	10094
9884	10094
4897	5304
4897	5340
4897	5531
4897	9945
5236	5304
5236	5340
5236	5531
5236	9945
5304	5340
5304	9945
5340	5531
5531	9945
1754	4889
1754	5069
1754	5118
1754	12167
4889	5118
4889	5283
4889	12167
5069	5118
5069	5283
5069	12167
5118	5283
5283	12167
1743	1767
1743	1810
1767	1810
5054	5120
5054	5166
5054	5237
5120	5166
5120	5237
5166	5237
1691	5121
1691	5238
1691	5433
1691	12495
5121	5238
5121	5284
5121	12495
5238	5284
5238	5433
1708	5238
5113	5238
3306	5238
5111	5238
5284	5433
5284	12495
5433	12495
1708	5433
1708	12495
5113	12495
3306	12495
5111	12495
1708	3306
1708	5111
3306	5113
5111	5113
1747	1909
1817	5067
5067	5108
1817	10011
5108	10011
5060	5117
5060	5348
5060	10095
5060	12415
5117	5348
5117	10095
5117	12493
5348	12415
5348	12493
10095	12415
10095	12493
12415	12493
1819	3742
1819	5337
3742	5335
5335	5337
1720	1736
1720	1740
1720	5098
1720	5119
1736	1740
1736	5119
1736	5350
1740	5098
1740	5350
5098	5119
5098	5350
5119	5350
1786	4846
1786	5055
1786	5122
1786	5376
4846	5055
4846	5351
4846	5376
5055	5122
5055	5351
5122	5351
5122	5376
5351	5376
1728	5127
1728	11178
5127	9869
9869	11178
1763	1779
1763	5349
1763	1821
1779	9785
5349	9785
1821	9785
1821	4857
1821	5077
4857	5125
5077	5125
1732	1757
1732	4896
1732	5053
1732	5124
1732	5347
1732	9919
1757	4896
1757	5053
1757	5116
1757	5124
1757	9919
4896	5116
4896	5124
4896	5347
4896	9919
5053	5116
5053	5124
5053	5347
5053	9919
5116	5124
5116	5347
5116	9919
5124	5347
5347	9919
5090	10024
10024	10118
1695	1765
1695	5107
1695	5123
1695	5539
1765	5115
1765	5123
1765	5539
5107	5115
5107	5123
5107	5539
5115	5123
5115	5539
1700	1827
1700	1830
1700	4948
1700	5016
1700	5056
1827	5316
1830	5316
4948	5316
5016	5316
5056	5316
1827	1830
1827	4948
1827	5016
1830	4948
1830	5016
1830	5056
4948	5056
5016	5056
9652	12030
9652	9660
9660	12030
11213	11658
11658	11742
11213	11742
7183	8355
6758	8531
7095	8339
10713	10739
10713	10742
10739	10742
8257	8427
3319	3330
3319	6507
3330	8667
6507	8667
3315	3337
3336	3337
3337	7007
1949	3337
3337	6856
3315	7221
3336	7221
7007	7221
1949	7221
6856	7221
3315	3336
3315	7007
1949	3315
3315	6856
1949	3336
3336	6856
1949	7007
6856	7007
1931	1941
4859	4861
3474	3621
3474	3514
3474	3508
3474	3490
3474	12373
3474	3502
3466	3474
3463	3474
3474	3503
3474	3648
3467	3474
3474	3668
3474	3516
1870	3474
3474	3489
3474	3476
3474	3684
3474	3488
3474	3651
3474	3646
3474	3672
3474	3657
3474	3623
3474	3509
3474	3639
3474	9701
3474	9707
3514	3621
3508	3621
3490	3621
3621	12373
3502	3621
3466	3621
3463	3621
3503	3621
3621	3648
3467	3621
3621	3668
3516	3621
1870	3621
3489	3621
3476	3621
3621	3684
3488	3621
3621	3651
3621	3646
3621	3672
3621	3657
3621	3623
3509	3621
3621	3639
3621	9701
3621	9707
3508	3514
3490	3514
3514	12373
3502	3514
3466	3514
3463	3514
3503	3514
3514	3648
3467	3514
3514	3668
3514	3516
1870	3514
3489	3514
3476	3514
3514	3684
3488	3514
3514	3651
3514	3646
3514	3672
3514	3657
3514	3623
3509	3514
3514	3639
3514	9701
3514	9707
3490	3508
3508	12373
3502	3508
3466	3508
3463	3508
3503	3508
3508	3648
3467	3508
3508	3668
3508	3516
1870	3508
3489	3508
3476	3508
3508	3684
3488	3508
3508	3651
3508	3646
3508	3672
3508	3657
3508	3623
3508	3509
3508	3639
3508	9701
3508	9707
3490	12373
3490	3502
3466	3490
3463	3490
3490	3503
3490	3648
3467	3490
3490	3668
3490	3516
1870	3490
3489	3490
3476	3490
3490	3684
3488	3490
3490	3651
3490	3646
3490	3672
3490	3657
3490	3623
3490	3509
3490	3639
3490	9701
3490	9707
3502	12373
3466	12373
3463	12373
3503	12373
3648	12373
3467	12373
3668	12373
3516	12373
1870	12373
3489	12373
3476	12373
3684	12373
3488	12373
3651	12373
3646	12373
3672	12373
3657	12373
3623	12373
3509	12373
3639	12373
9701	12373
9707	12373
3466	3502
3463	3502
3502	3503
3502	3648
3467	3502
3502	3668
3502	3516
1870	3502
3489	3502
3476	3502
3502	3684
3488	3502
3502	3651
3502	3646
3502	3672
3502	3657
3502	3623
3502	3509
3502	3639
3502	9701
3502	9707
3463	3466
3466	3503
3466	3648
3466	3467
3466	3668
3466	3516
1870	3466
3466	3489
3466	3476
3466	3684
3466	3488
3466	3651
3466	3646
3466	3672
3466	3657
3466	3623
3466	3509
3466	3639
3466	9701
3466	9707
3463	3503
3463	3648
3463	3467
3463	3668
3463	3516
1870	3463
3463	3489
3463	3476
3463	3684
3463	3488
3463	3651
3463	3646
3463	3672
3463	3657
3463	3623
3463	3509
3463	3639
3463	9701
3463	9707
3503	3648
3467	3503
3503	3668
3503	3516
1870	3503
3489	3503
3476	3503
3503	3684
3488	3503
3503	3651
3503	3646
3503	3672
3503	3657
3503	3623
3503	3509
3503	3639
3503	9701
3503	9707
3467	3648
3648	3668
3516	3648
1870	3648
3489	3648
3476	3648
3648	3684
3488	3648
3648	3651
3646	3648
3648	3672
3648	3657
3623	3648
3509	3648
3639	3648
3648	9701
3648	9707
3467	3668
3467	3516
1870	3467
3467	3489
3467	3476
3467	3684
3467	3488
3467	3651
3467	3646
3467	3672
3467	3657
3467	3623
3467	3509
3467	3639
3467	9701
3467	9707
3516	3668
1870	3668
3489	3668
3476	3668
3668	3684
3488	3668
3651	3668
3646	3668
3668	3672
3657	3668
3623	3668
3509	3668
3639	3668
3668	9701
3668	9707
1870	3516
3489	3516
3476	3516
3516	3684
3488	3516
3516	3651
3516	3646
3516	3672
3516	3657
3516	3623
3509	3516
3516	3639
3516	9701
3516	9707
1870	3476
1870	3684
1870	3488
1870	3651
1870	3646
1870	3672
1870	3657
1870	3623
1870	3509
1870	3639
1870	9701
1870	9707
3476	3489
3489	3684
3488	3489
3489	3651
3489	3646
3489	3672
3489	3657
3489	3623
3489	3509
3489	3639
3489	9701
3489	9707
3476	3684
3476	3488
3476	3651
3476	3646
3476	3672
3476	3657
3476	3623
3476	3509
3476	3639
3476	9701
3476	9707
3488	3684
3651	3684
3646	3684
3672	3684
3657	3684
3623	3684
3509	3684
3639	3684
3684	9701
3684	9707
3488	3651
3488	3646
3488	3672
3488	3657
3488	3623
3488	3509
3488	3639
3488	9701
3488	9707
3646	3651
3651	3672
3651	3657
3623	3651
3509	3651
3639	3651
3651	9701
3651	9707
3646	3672
3646	3657
3623	3646
3509	3646
3639	3646
3646	9701
3646	9707
3657	3672
3623	3672
3509	3672
3639	3672
3672	9701
3672	9707
3623	3657
3509	3657
3639	3657
3657	9701
3657	9707
3509	3623
3623	3639
3623	9701
3623	9707
3509	3639
3509	9701
3509	9707
3639	9701
3639	9707
9701	9707
5103	5105
5102	5104
2507	2617
66439	66703
66471	66477
69504	69839
51002	51076
50974	51018
2733	3173
2526	3173
2526	2733
2932	3159
2996	12295
7378	8475
9654	9658
4628	4747
4628	4770
3504	4628
3495	4628
3687	4628
4747	4770
3504	4747
3495	4747
3687	4747
3504	4770
3495	4770
3687	4770
3495	3504
3504	3687
3495	3687
9452	9458
9452	9453
9452	9466
9453	9458
9458	9466
9453	9466
3506	3680
3471	3680
3634	3680
3471	3506
3506	3634
3471	3634
4659	4776
4632	4776
4632	4659
4661	4773
4727	4773
3665	4773
3481	4773
4695	4773
3689	4773
3461	4773
4661	4727
3665	4661
3481	4661
4661	4695
3689	4661
3461	4661
3665	4727
3481	4727
4695	4727
3689	4727
3461	4727
3481	3665
3665	4695
3665	3689
3461	3665
3481	4695
3481	3689
3461	3481
3689	4695
3461	4695
3461	3689
3691	4686
3658	3690
3477	3643
4640	4775
4640	4760
3505	4640
3693	4640
3501	4640
3654	4640
3666	4640
4760	4775
3505	4775
3693	4775
3501	4775
3654	4775
3666	4775
3505	4760
3693	4760
3501	4760
3654	4760
3666	4760
3505	3693
3501	3505
3505	3654
3505	3666
3501	3693
3654	3693
3666	3693
3501	3654
3501	3666
3654	3666
3694	4756
3679	4756
1871	4756
3485	4756
3462	4756
3662	4756
3679	3694
1871	3694
3485	3694
3462	3694
3662	3694
1871	3679
3485	3679
3462	3679
3662	3679
1871	3462
1871	3662
3462	3485
3485	3662
3462	3662
4671	4734
3656	4699
3469	4699
3486	4699
3686	4699
3520	4699
3469	3656
3486	3656
3656	3686
3520	3656
3469	3486
3469	3686
3469	3520
3486	3686
3486	3520
3520	3686
17873	18445
17873	19730
17873	18748
17873	18180
16410	17873
16567	17873
17873	19736
18445	19730
18445	18748
18180	18445
16410	18445
16567	18445
18445	19736
18748	19730
18180	19730
16410	19730
16567	19730
19730	19736
18180	18748
16410	18748
16567	18748
18748	19736
16410	18180
16567	18180
18180	19736
16410	16567
16410	19736
16567	19736
51114	51125
50999	51051
66663	66763
8057	9866
38216	38278
21053	21226
21135	21226
21204	21226
21053	21135
21053	21204
21135	21204
21121	21231
21165	21231
21051	21231
21121	21165
21051	21121
21051	21165
33103	33945
33106	33946
33107	33942
31797	32335
8008	8016
8010	8414
8031	8041
8032	8041
8034	8041
8037	8041
8031	8032
8031	8034
8031	8037
8032	8034
8032	8037
8034	8037
11896	11940
77430	77682
66717	66729
21118	21119
16708	17722
17722	18915
16389	17722
16423	17722
16715	17722
16389	18915
16389	16423
16389	16715
16423	16715
43050	43174
2772	2970
15634	15636
15634	15641
15634	15642
15634	15658
15636	15641
15636	15642
15636	15658
15641	15642
15641	15658
15642	15658
15715	15729
15715	15730
15715	15737
15715	15739
15715	15743
15715	15748
15715	15749
15715	15753
15715	15757
15715	15761
15715	15762
15715	15766
15715	15767
15715	15771
15715	15774
15715	15779
15715	15781
15715	15784
15715	15786
15715	15788
15715	15798
15729	15730
15729	15737
15729	15739
15729	15743
15729	15748
15729	15749
15729	15753
15729	15757
15729	15761
15729	15762
15729	15766
15729	15767
15729	15771
15729	15774
15729	15779
15729	15781
15729	15784
15729	15786
15729	15788
15729	15798
15730	15737
15730	15739
15730	15743
15730	15748
15730	15749
15730	15753
15730	15757
15730	15761
15730	15762
15730	15766
15730	15767
15730	15771
15730	15774
15730	15779
15730	15781
15730	15784
15730	15786
15730	15788
15730	15798
15737	15739
15737	15743
15737	15748
15737	15749
15737	15753
15737	15757
15737	15761
15737	15762
15737	15766
15737	15767
15737	15771
15737	15774
15737	15779
15737	15781
15737	15784
15737	15786
15737	15788
15737	15798
15739	15743
15739	15748
15739	15749
15739	15753
15739	15757
15739	15761
15739	15762
15739	15766
15739	15767
15739	15771
15739	15774
15739	15779
15739	15781
15739	15784
15739	15786
15739	15788
15739	15798
15743	15748
15743	15749
15743	15753
15743	15757
15743	15761
15743	15762
15743	15766
15743	15767
15743	15771
15743	15774
15743	15779
15743	15781
15743	15784
15743	15786
15743	15788
15743	15798
15748	15749
15748	15753
15748	15757
15748	15761
15748	15762
15748	15766
15748	15767
15748	15771
15748	15774
15748	15779
15748	15781
15748	15784
15748	15786
15748	15788
15748	15798
15749	15753
15749	15757
15749	15761
15749	15762
15749	15766
15749	15767
15749	15771
15749	15774
15749	15779
15749	15781
15749	15784
15749	15786
15749	15788
15749	15798
15753	15757
15753	15761
15753	15762
15753	15766
15753	15767
15753	15771
15753	15774
15753	15779
15753	15781
15753	15784
15753	15786
15753	15788
15753	15798
15757	15761
15757	15762
15757	15766
15757	15767
15757	15771
15757	15774
15757	15779
15757	15781
15757	15784
15757	15786
15757	15788
15757	15798
15761	15762
15761	15766
15761	15767
15761	15771
15761	15774
15761	15779
15761	15781
15761	15784
15761	15786
15761	15788
15761	15798
15762	15766
15762	15767
15762	15771
15762	15774
15762	15779
15762	15781
15762	15784
15762	15786
15762	15788
15762	15798
15766	15767
15766	15771
15766	15774
15766	15779
15766	15781
15766	15784
15766	15786
15766	15788
15766	15798
15767	15771
15767	15774
15767	15779
15767	15781
15767	15784
15767	15786
15767	15788
15767	15798
15771	15774
15771	15779
15771	15781
15771	15784
15771	15786
15771	15788
15771	15798
15774	15779
15774	15781
15774	15784
15774	15786
15774	15788
15774	15798
15779	15781
15779	15784
15779	15786
15779	15788
15779	15798
15781	15784
15781	15786
15781	15788
15781	15798
15784	15786
15784	15788
15784	15798
15786	15788
15786	15798
15788	15798
27812	27824
5265	5267
8419	11074
17615	18449
18449	18611
17125	18449
16615	18449
17429	18449
17615	18611
17125	17615
16615	17615
17429	17615
17125	18611
16615	18611
17429	18611
16615	17125
17125	17429
16615	17429
18338	19411
18338	19529
19411	19529
18128	19549
16169	17403
17359	19246
17227	17360
17360	19729
17360	19675
16945	19071
18153	18322
18322	19413
18153	19413
16744	17644
46345	46410
66769	66782
6692	6822
51847	52725
51592	51643
52540	52693
52637	52956
66395	66423
10703	10777
10777	11064
10703	11064
87355	87741
72695	72710
72699	72719
72712	72769
18124	19593
18566	19593
19563	19593
18326	19593
18453	19593
16293	19593
19375	19593
19357	19593
16999	19593
16832	19593
16500	19593
18124	18566
18124	19563
18124	18326
18124	18453
16293	18124
18124	19375
18124	19357
16999	18124
16832	18124
16500	18124
18566	19563
18326	18566
18453	18566
16293	18566
18566	19375
18566	19357
16999	18566
16832	18566
16500	18566
18326	19563
18453	19563
16293	19563
19375	19563
19357	19563
16999	19563
16832	19563
16500	19563
18326	18453
16293	18326
18326	19375
18326	19357
16999	18326
16832	18326
16500	18326
16293	18453
18453	19375
18453	19357
16999	18453
16832	18453
16500	18453
16293	19375
16293	19357
16293	16999
16293	16832
16293	16500
19357	19375
16999	19375
16832	19375
16500	19375
16999	19357
16832	19357
16500	19357
16832	16999
16500	16999
16500	16832
27385	27483
21037	21174
21174	21208
21094	21174
21037	21208
21037	21094
21094	21208
3497	4664
3482	4664
3482	3497
21228	21232
70651	70658
66136	66178
38198	38348
38325	38411
38349	38449
38389	38450
61691	61718
62377	62378
53508	53624
62247	62956
38211	38246
65027	65063
38396	38438
53349	53614
38219	38273
38276	38337
38252	38373
38308	38397
65018	65048
65011	65091
65011	65136
65091	65136
66261	66456
10256	10298
10256	10259
10259	10298
51148	51151
66344	66571
38302	38406
19231	19681
18938	19021
17029	18938
17029	19021
17054	18581
18581	19184
17054	19184
17627	18020
17910	18019
16571	17219
19126	19619
17102	18945
18002	19577
16895	18002
16895	19577
16321	16652
16652	19687
16321	19687
16314	19269
16314	17868
17868	19269
16275	16312
17766	19744
19249	19744
17766	19249
17055	17599
54662	54675
66427	66731
17610	18090
16740	18090
17016	18090
16394	18090
17423	18090
17514	18090
16740	17610
17016	17610
16394	17610
17423	17610
17514	17610
16740	17016
16394	16740
16740	17423
16740	17514
16394	17016
17016	17423
17016	17514
16394	17423
16394	17514
17423	17514
21097	21173
21173	21185
21108	21173
21097	21185
21097	21108
21108	21185
66559	66749
66343	66768
51160	51173
15931	15932
15931	15933
15931	15934
15931	15935
15931	15936
15931	15937
15931	15938
15931	15939
15931	15940
15931	15941
15931	15942
15932	15933
15932	15934
15932	15935
15932	15936
15932	15937
15932	15938
15932	15939
15932	15940
15932	15941
15932	15942
15933	15934
15933	15935
15933	15936
15933	15937
15933	15938
15933	15939
15933	15940
15933	15941
15933	15942
15934	15935
15934	15936
15934	15937
15934	15938
15934	15939
15934	15940
15934	15941
15934	15942
15935	15936
15935	15937
15935	15938
15935	15939
15935	15940
15935	15941
15935	15942
15936	15937
15936	15938
15936	15939
15936	15940
15936	15941
15936	15942
15937	15938
15937	15939
15937	15940
15937	15941
15937	15942
15938	15939
15938	15940
15938	15941
15938	15942
15939	15940
15939	15941
15939	15942
15940	15941
15940	15942
15941	15942
10218	10233
15976	15977
15943	15944
15943	15945
15943	15946
15943	15947
15943	15948
15943	15949
15944	15945
15944	15946
15944	15947
15944	15948
15944	15949
15945	15946
15945	15947
15945	15948
15945	15949
15946	15947
15946	15948
15946	15949
15947	15948
15947	15949
15948	15949
2835	3012
2835	3394
3012	3394
19074	19542
18963	19542
17594	19542
17246	19542
16520	19542
18963	19074
17594	19074
17246	19074
17246	17594
16520	17594
16520	17246
52558	53400
52602	52651
53088	53326
51984	53343
52853	53514
52570	52946
52124	52177
17095	18129
16662	17095
17095	17346
17095	18812
16852	17095
17010	17095
16212	17095
16348	17095
17095	19652
17095	18736
16561	17095
17095	17719
16568	17095
16598	17095
16662	18129
17346	18129
18129	18812
16852	18129
17010	18129
16212	18129
16348	18129
18129	19652
18129	18736
16561	18129
17719	18129
16568	18129
16598	18129
16662	17346
16662	18812
16662	16852
16662	17010
16212	16662
16348	16662
16662	19652
16662	18736
16561	16662
16662	17719
16568	16662
16598	16662
17346	18812
16852	17346
17010	17346
16212	17346
16348	17346
17346	19652
17346	18736
16561	17346
17346	17719
16568	17346
16598	17346
16852	18812
17010	18812
16212	18812
16348	18812
18812	19652
18736	18812
16561	18812
17719	18812
16568	18812
16598	18812
16852	17010
16212	16852
16348	16852
16852	19652
16852	18736
16561	16852
16852	17719
16568	16852
16598	16852
16212	17010
16348	17010
17010	19652
17010	18736
16561	17010
17010	17719
16568	17010
16598	17010
16212	16348
16212	19652
16212	18736
16212	16561
16212	17719
16212	16568
16212	16598
16348	19652
16348	18736
16348	16561
16348	17719
16348	16568
16348	16598
18736	19652
16561	19652
17719	19652
16568	19652
16598	19652
16561	18736
17719	18736
16568	18736
16598	18736
16561	17719
16561	16568
16561	16598
16568	17719
16598	17719
16568	16598
16381	19635
16381	17945
16381	16577
16381	19139
16381	17245
16381	18455
16381	17597
16381	18618
16381	17082
16381	18633
16264	16381
16381	19441
16381	17656
16381	16602
16211	16381
16381	17218
17945	19635
16577	19635
19139	19635
17245	19635
18455	19635
17597	19635
18618	19635
17082	19635
18633	19635
16264	19635
19441	19635
17656	19635
16602	19635
16211	19635
17218	19635
16577	17945
17945	19139
17245	17945
17945	18455
17597	17945
17945	18618
17082	17945
17945	18633
16264	17945
17945	19441
17656	17945
16602	17945
16211	17945
17218	17945
16577	19139
16577	17245
16577	18455
16577	17597
16577	18618
16577	17082
16577	18633
16264	16577
16577	19441
16577	17656
16577	16602
16211	16577
16577	17218
17245	19139
18455	19139
17597	19139
18618	19139
17082	19139
18633	19139
16264	19139
19139	19441
17656	19139
16602	19139
16211	19139
17218	19139
17245	18455
17245	17597
17245	18618
17082	17245
17245	18633
16264	17245
17245	19441
17245	17656
16602	17245
16211	17245
17218	17245
17597	18455
18455	18618
17082	18455
18455	18633
16264	18455
18455	19441
17656	18455
16602	18455
16211	18455
17218	18455
17597	18618
17082	17597
17597	18633
16264	17597
17597	19441
17597	17656
16602	17597
16211	17597
17218	17597
17082	18618
18618	18633
16264	18618
18618	19441
17656	18618
16602	18618
16211	18618
17218	18618
17082	18633
16264	17082
17082	19441
17082	17656
16602	17082
16211	17082
17082	17218
16264	18633
18633	19441
17656	18633
16602	18633
16211	18633
17218	18633
16264	19441
16264	17656
16264	16602
16211	16264
16264	17218
17656	19441
16602	19441
16211	19441
17218	19441
16602	17656
16211	17656
17218	17656
16211	16602
16602	17218
16211	17218
70589	70628
6782	8193
6937	8193
6782	6937
8627	8868
8627	8628
8627	8863
8627	8633
8408	8627
8404	8627
8628	8868
8863	8868
8633	8868
8408	8868
8404	8868
8628	8863
8628	8633
8408	8628
8404	8628
8633	8863
8408	8863
8404	8863
8408	8633
8404	8633
8404	8408
6469	6470
3726	3727
48875	48921
49089	49129
49114	49123
49043	49092
4898	10289
9237	9315
9237	9317
9315	9317
73743	73849
73745	73833
73749	73832
73747	73842
73741	73829
66700	66746
3472	3492
4630	4721
4625	4750
3487	3635
21041	21088
21076	21246
21197	21246
21241	21246
21069	21246
21034	21246
21168	21246
21131	21246
21076	21197
21076	21241
21069	21076
21034	21076
21076	21168
21076	21131
21197	21241
21069	21197
21034	21197
21168	21197
21131	21197
21069	21241
21034	21241
21168	21241
21131	21241
21034	21069
21069	21168
21069	21131
21034	21168
21034	21131
21131	21168
66516	66570
16928	17600
17600	18697
16928	18697
65079	65120
65079	65121
65120	65121
53515	53603
3855	4035
21662	21677
21662	21676
21662	21675
21662	21674
21662	21673
21662	21672
21662	21671
21662	21670
21662	21669
21662	21668
21662	21667
21662	21666
21662	21665
21662	21664
21676	21677
21675	21677
21674	21677
21673	21677
21672	21677
21671	21677
21670	21677
21669	21677
21668	21677
21667	21677
21666	21677
21665	21677
21664	21677
21675	21676
21674	21676
21673	21676
21672	21676
21671	21676
21670	21676
21669	21676
21668	21676
21667	21676
21666	21676
21665	21676
21664	21676
21674	21675
21673	21675
21672	21675
21671	21675
21670	21675
21669	21675
21668	21675
21667	21675
21666	21675
21665	21675
21664	21675
21673	21674
21672	21674
21671	21674
21670	21674
21669	21674
21668	21674
21667	21674
21666	21674
21665	21674
21664	21674
21672	21673
21671	21673
21670	21673
21669	21673
21668	21673
21667	21673
21666	21673
21665	21673
21664	21673
21671	21672
21670	21672
21669	21672
21668	21672
21667	21672
21666	21672
21665	21672
21664	21672
21670	21671
21669	21671
21668	21671
21667	21671
21666	21671
21665	21671
21664	21671
21669	21670
21668	21670
21667	21670
21666	21670
21665	21670
21664	21670
21668	21669
21667	21669
21666	21669
21665	21669
21664	21669
21667	21668
21666	21668
21665	21668
21664	21668
21665	21667
21664	21667
21665	21666
21664	21666
21664	21665
5902	6187
49141	49421
17243	18912
16197	18228
66619	66622
66360	66448
21214	21235
17815	18627
2453	2510
2471	2680
2511	2673
3266	3297
12291	12324
10057	10072
10050	10057
10050	10072
10048	10092
12308	12315
12088	12098
1649	1652
1651	1652
1649	1651
2327	2665
2329	2630
2289	2630
2289	2329
12260	12323
12298	12322
12087	12199
12096	12131
12096	12192
12131	12192
12242	12244
12240	12241
12193	12241
12193	12240
81618	81680
66807	66810
2010	2055
2010	2092
2055	2092
53222	53594
53222	53600
53594	53600
66687	66788
66645	66752
66741	66762
50982	51025
15958	15959
9722	9767
9736	9751
5783	5928
5776	9416
5704	6343
9937	9964
9534	9964
9534	9937
11350	11620
5913	6367
2924	2963
2372	2385
2372	2760
2994	3089
2539	2938
2931	3098
2896	3180
3135	3155
2384	2972
2721	2749
2366	2749
2366	2740
858	4362
2746	2959
772	3994
50985	51063
52818	53076
65052	65077
65052	65139
65077	65139
4810	4816
1284	1399
66259	66484
1301	1358
1287	1459
1287	4432
1287	1440
1287	1561
1459	4432
1440	1459
1459	1561
1440	4432
1561	4432
1440	1561
2283	2590
1141	1586
1288	1289
1349	1515
1349	1503
1503	1515
1533	1547
1362	1547
1113	1547
1362	1533
1113	1533
1113	1362
16657	18003
66512	66770
66442	66739
66174	66600
66466	66693
66481	66633
17363	18535
4642	4681
66455	66665
66390	66761
4525	4534
88005	88007
2030	2406
48699	48813
48945	49164
5046	5047
66551	66558
7918	8141
7923	7945
5601	5606
5602	5635
5602	5608
5602	5629
5608	5635
5629	5635
5608	5629
1428	1563
1428	1454
1454	1563
2402	10268
2402	11919
2402	12191
1367	1394
1394	1460
1367	1460
1365	1541
1589	4426
1381	1476
1067	1465
1465	1560
1067	1560
50295	50315
1260	1486
1245	1486
1427	1486
1339	1486
1245	1260
1260	1427
1260	1339
1245	1427
1245	1339
1339	1427
4478	4479
4481	4484
2009	12219
7419	7714
7581	7714
7713	7714
7419	7581
7419	7713
7581	7713
7413	7488
7488	7558
7471	7488
7488	7711
7413	7558
7413	7471
7413	7711
7471	7558
7558	7711
7471	7711
7460	7553
7461	7553
7460	7461
70639	70662
53601	53602
66772	66785
66719	66759
66597	66736
9559	9567
8953	9088
8981	9040
87978	87986
5850	6105
6421	6422
1944	5851
45718	45858
45718	45881
45858	45881
2460	2662
2294	2662
2294	2460
7479	7693
2129	2268
9515	9529
9517	9529
2961	3178
50092	50101
32251	32298
5017	5128
5017	9925
5128	10164
9925	10164
88131	88143
88146	88150
70627	70637
6017	6099
5854	9948
16879	17617
16879	18836
16879	17156
16879	17748
16879	17554
16879	18254
17617	18836
17156	17617
17617	17748
17554	17617
17617	18254
17156	18836
17748	18836
17554	18836
18254	18836
17156	17748
17156	17554
17156	18254
17554	17748
17748	18254
17554	18254
49654	49943
27098	27305
45825	46270
6559	8807
3736	12136
3710	3715
83826	84769
16589	19491
16589	17532
16589	19152
16589	18532
16589	18589
16589	17380
16589	18040
16443	16589
16589	18398
16589	17631
16589	16990
16589	17379
16589	16941
16589	19341
16474	16589
16589	18574
16589	16840
16589	19650
16243	16589
16589	16712
16234	16589
16589	17181
16589	17929
16589	18252
16589	19607
16589	17636
16589	18452
16589	19205
17532	19491
19152	19491
18532	19491
18589	19491
17380	19491
18040	19491
16443	19491
18398	19491
17631	19491
16990	19491
17379	19491
16941	19491
19341	19491
16474	19491
18574	19491
16840	19491
19491	19650
16243	19491
16712	19491
16234	19491
17181	19491
17929	19491
18252	19491
19491	19607
17636	19491
18452	19491
19205	19491
17532	19152
17532	18532
17532	18589
17380	17532
17532	18040
16443	17532
17532	18398
17532	17631
16990	17532
17379	17532
16941	17532
17532	19341
16474	17532
17532	18574
16840	17532
17532	19650
16243	17532
16712	17532
16234	17532
17181	17532
17532	17929
17532	18252
17532	19607
17532	17636
17532	18452
17532	19205
18532	19152
18589	19152
17380	19152
18040	19152
16443	19152
18398	19152
17631	19152
16990	19152
17379	19152
16941	19152
19152	19341
16474	19152
18574	19152
16840	19152
19152	19650
16243	19152
16712	19152
16234	19152
17181	19152
17929	19152
18252	19152
19152	19607
17636	19152
18452	19152
19152	19205
18532	18589
17380	18532
18040	18532
16443	18532
18398	18532
17631	18532
16990	18532
17379	18532
16941	18532
18532	19341
16474	18532
18532	18574
16840	18532
18532	19650
16243	18532
16712	18532
16234	18532
17181	18532
17929	18532
18252	18532
18532	19607
17636	18532
18452	18532
18532	19205
17380	18589
18040	18589
16443	18589
18398	18589
17631	18589
16990	18589
17379	18589
16941	18589
18589	19341
16474	18589
18574	18589
16840	18589
18589	19650
16243	18589
16712	18589
16234	18589
17181	18589
17929	18589
18252	18589
18589	19607
17636	18589
18452	18589
18589	19205
17380	18040
16443	17380
17380	18398
17380	17631
16990	17380
17379	17380
16941	17380
17380	19341
16474	17380
17380	18574
16840	17380
17380	19650
16243	17380
16712	17380
16234	17380
17181	17380
17380	17929
17380	18252
17380	19607
17380	17636
17380	18452
17380	19205
16443	18040
18040	18398
17631	18040
16990	18040
17379	18040
16941	18040
18040	19341
16474	18040
18040	18574
16840	18040
18040	19650
16243	18040
16712	18040
16234	18040
17181	18040
17929	18040
18040	18252
18040	19607
17636	18040
18040	18452
18040	19205
16443	18398
16443	17631
16443	16990
16443	17379
16443	16941
16443	19341
16443	16474
16443	18574
16443	16840
16443	19650
16243	16443
16443	16712
16234	16443
16443	17181
16443	17929
16443	18252
16443	19607
16443	17636
16443	18452
16443	19205
17631	18398
16990	18398
17379	18398
16941	18398
18398	19341
16474	18398
18398	18574
16840	18398
18398	19650
16243	18398
16712	18398
16234	18398
17181	18398
17929	18398
18252	18398
18398	19607
17636	18398
18398	18452
18398	19205
16990	17631
17379	17631
16941	17631
17631	19341
16474	17631
17631	18574
16840	17631
17631	19650
16243	17631
16712	17631
16234	17631
17181	17631
17631	17929
17631	18252
17631	19607
17631	17636
17631	18452
17631	19205
16990	17379
16941	16990
16990	19341
16474	16990
16990	18574
16840	16990
16990	19650
16243	16990
16712	16990
16234	16990
16990	17181
16990	17929
16990	18252
16990	19607
16990	17636
16990	18452
16990	19205
16941	17379
17379	19341
16474	17379
17379	18574
16840	17379
17379	19650
16243	17379
16712	17379
16234	17379
17181	17379
17379	17929
17379	18252
17379	19607
17379	17636
17379	18452
17379	19205
16941	19341
16474	16941
16941	18574
16840	16941
16941	19650
16243	16941
16712	16941
16234	16941
16941	17181
16941	17929
16941	18252
16941	19607
16941	17636
16941	18452
16941	19205
16474	19341
18574	19341
16840	19341
19341	19650
16243	19341
16712	19341
16234	19341
17181	19341
17929	19341
18252	19341
19341	19607
17636	19341
18452	19341
19205	19341
16474	18574
16474	16840
16474	19650
16243	16474
16474	16712
16234	16474
16474	17181
16474	17929
16474	18252
16474	19607
16474	17636
16474	18452
16474	19205
16840	18574
18574	19650
16243	18574
16712	18574
16234	18574
17181	18574
17929	18574
18252	18574
18574	19607
17636	18574
18452	18574
18574	19205
16840	19650
16243	16840
16712	16840
16234	16840
16840	17181
16840	17929
16840	18252
16840	19607
16840	17636
16840	18452
16840	19205
16243	19650
16712	19650
16234	19650
17181	19650
17929	19650
18252	19650
19607	19650
17636	19650
18452	19650
19205	19650
16243	16712
16234	16243
16243	17181
16243	17929
16243	18252
16243	19607
16243	17636
16243	18452
16243	19205
16234	16712
16712	17181
16712	17929
16712	18252
16712	19607
16712	17636
16712	18452
16712	19205
16234	17181
16234	17929
16234	18252
16234	19607
16234	17636
16234	18452
16234	19205
17181	17929
17181	18252
17181	19607
17181	17636
17181	18452
17181	19205
17929	18252
17929	19607
17636	17929
17929	18452
17929	19205
18252	19607
17636	18252
18252	18452
18252	19205
17636	19607
18452	19607
19205	19607
17636	18452
17636	19205
18452	19205
16164	19223
6885	8396
77892	77917
7844	7895
50972	51023
31960	32235
2169	2190
66756	66791
66643	66784
8224	8821
87278	87643
2035	2397
33415	33455
4833	4836
4739	4802
3650	4739
4739	4764
3644	4739
3521	4739
4739	11955
3650	4802
4764	4802
3644	4802
3521	4802
4802	11955
3650	4764
3644	3650
3521	3650
3650	11955
3644	4764
3521	4764
4764	11955
3521	3644
3644	11955
3521	11955
32768	32835
16504	18610
16504	18222
16504	16723
16504	18164
12220	12250
11963	12365
79225	79264
1335	1531
1272	1335
1335	1411
1272	1531
1411	1531
1272	1411
2255	2589
2039	2232
2102	2103
2004	2102
2102	2413
2046	2102
2093	2102
2004	2103
2103	2413
2046	2103
2093	2103
2004	2413
2004	2046
2004	2093
2046	2413
2093	2413
2046	2093
2272	2574
16769	19701
16769	18035
74699	74796
88955	88969
89144	89201
64085	64089
55694	55706
33878	33884
37914	38004
37914	38038
38004	38038
63584	63586
89140	89149
89013	89036
6753	8764
726	780
49269	49327
66564	66585
36822	37018
36393	37065
37884	37998
21141	21216
4944	4964
4974	4983
31640	31642
7231	8301
21049	21161
21049	21095
21095	21161
21086	21149
21086	21179
21149	21179
6803	8592
7033	8592
6169	8592
8253	8592
7005	8592
6803	7033
6169	6803
6803	8253
6803	7005
6169	7033
7033	8253
7005	7033
6169	8253
6169	7005
7005	8253
5379	5380
4945	4952
4952	4953
4951	4952
4945	4953
4945	4951
4951	4953
2853	3235
2788	2861
37869	37972
66519	66698
48983	49102
2484	2625
2484	2647
2346	2484
2625	2647
2346	2625
2346	2647
2302	2361
2337	2613
2337	2353
2353	2613
2321	2668
1105	1402
1402	1448
1402	1471
1105	1448
1105	1471
1448	1471
1235	1407
1340	1407
1235	1340
3359	3363
1578	4505
1351	4505
1406	4505
1351	1578
1406	1578
1351	1406
1315	1558
1315	1384
1315	1551
1384	1558
1551	1558
1384	1551
1583	4213
1583	4343
4213	4343
1325	1526
1382	1397
4349	4438
1051	4349
1051	4438
1290	1525
1290	1306
1306	1525
7792	8645
7756	7792
7756	8645
7783	7977
7751	8002
8002	8884
7751	8884
1296	1383
1296	1472
1383	1472
1264	1524
1264	1520
1264	1506
1520	1524
1506	1524
1506	1520
4197	4347
1390	4196
1040	4196
1418	4196
1574	4196
1040	1390
1390	1418
1390	1574
1040	1418
1040	1574
1418	1574
1322	1447
1345	1522
1350	1416
1350	1451
1314	1350
1350	1536
1350	4163
1416	1451
1314	1416
1416	1536
1416	4163
1314	1451
1451	1536
1451	4163
1314	1536
1314	4163
1536	4163
50151	50155
1456	1557
1323	1557
1323	1456
1369	4383
51481	66081
51483	66081
51481	51483
2449	2623
48464	48717
66207	66474
66443	66490
3256	12301
51106	51115
10350	10519
11324	11497
10520	10564
66237	66537
66434	66450
66249	66707
42	71
43	71
58	71
62	71
64	71
67	71
44	81
49	81
54	81
78	81
79	81
80	81
81	82
5919	6038
5919	6344
5667	5919
6038	6344
5667	6038
5667	6344
16564	18305
18751	19528
18865	19528
19005	19528
18243	19266
18332	19266
16629	17792
16449	16541
16486	17357
16486	19238
17252	17533
17533	18750
16813	18135
16631	18135
18135	19275
18888	18894
16842	17920
16336	18772
16834	17619
3029	3065
2797	2856
2856	3195
2797	3195
3254	3389
26413	26536
18221	18819
12957	13071
16416	19638
16416	18410
81808	81838
21682	21683
